% Peaks positions in units of wavenumber
%
% Just a vector list
%
% Usage:

function [a]=IR_Absorption_Peaks()

a = [
    3488;
    3288;
    3074;
    2955;
    2936;
    2915;
    2876;
    2848;
    1740;
    1655;
    1545;
    1515;
    1450;
    1400;
    1300;
    1235;
    1175;
    1115;
    1080;
    1055;
    970];




% peak_pos(end+1,:) = 3288;
% peak_pos(end+1,:) = 3488;
% peak_pos(end+1,:) = 3074;
% peak_pos(end+1,:) = 2936;
% peak_pos(end+1,:) = 2876;
% peak_pos(end+1,:) = 2955;
% peak_pos(end+1,:) = 2915;
% peak_pos(end+1,:) = 2848;

end
